129	272	7576	74	3256	3257	0	1	5	0	5	0	299	0	39996	0	4474	132	523	490	28	27	1	1	0	0	0	0	0	5727	5447	235	234	2	2	0	0	0	0	0	9433	8978	412	411	9	9	4	4	0	0	0	20461	19492	864	863	16	16	14	14	159.64	1	1	-1	-1	-1	91625	91625	91625	13	2	284964	651	3	0	0	0	-1	-1	-1	-1	1301.341319	1	511400	6	51	1	0	2	4	5	2	3	4	8	4718087	0
938	163	4483	166	2781	513	0	0	0	0	5	0	178	0	12000	0	5850	1427	1444	1262	74	72	6	6	2	2	155.33	2	2	14084	12264	771	743	58	54	13	13	1374.82	18	18	32450	27947	1709	1638	147	138	26	26	2908.44	37	37	81314	69195	4548	4350	358	339	81	80	7800.36	101	101	1	1	2	333624	333782	333658	15	12	108500	119	2	1	0	0	100000	200000	0	0	2292.3239	0.9996285	150200	5	51	1	0	2	6	3	1	8	4	8	4445189	0
967	287	15730	174	3130	1569	0	0	0	0	5	0	459	12	315	0	324	50	132	118	2	2	0	0	0	0	0	0	0	590	523	29	29	5	5	0	0	0	0	0	2724	2386	131	129	15	15	1	1	0	0	0	4840	4194	247	239	30	29	1	1	496.16	1	1	6	7	2	377196	382921	378885	15	4	239946	3254	2	1	0	0	100100	700000	0	0	3478.085347	0.989459967	640200	3	51	1	0	2	2	6	1	2	2	3	1457616	0
504	163	3495	74	3254	513	0	0	0	0	5	0	19.9	5	162	0	6778	1787	54	51	6	6	1	1	0	0	0	0	0	371	337	31	31	2	2	0	0	0	0	0	650	590	54	54	3	3	0	0	0	0	0	1576	1422	133	133	6	6	2	2	0	0	0	2	7	2	1417580	1423676	1419820	17	4	913266	777	2	0	0	0	100000	200000	0	0	3670.287674	0.997291519	370200	7	49	0	0	2	7	2	2	7	15	8	3996114	0
774	272	10284	74	3384	125	0	0	0	0	5	0	119	0	8000	0	1896	774	4203	3817	135	132	8	7	3	3	188.98	4	4	28693	25981	890	878	51	50	19	19	664.35	14	14	51043	46280	1539	1516	90	89	34	34	1708.54	36	36	97079	87857	2877	2841	142	141	70	70	3071.65	65	65	0	2	2	151500	153539	152225	14	4	63462	560	2	0	0	0	100000	268800	0	0	1801.119606	0.991441914	440300	6	51	1	0	2	2	1	0	0	14	5	3124616	0
838	163	17145	161	3155	1569	0	1	5	0	5	0	388	0	1520	1	8482	847	246	207	29	28	0	0	1	1	0	0	0	1910	1635	136	134	1	1	4	4	0	0	0	3475	2957	246	243	4	4	5	5	0	0	0	9232	7950	560	540	21	21	8	8	74.75	1	1	-1	-1	-1	28136	28136	28136	12	2	26080	72	3	0	0	0	-1	-1	-1	-1	1149.207014	1	370100	3	51	1	0	2	5	2	2	7	14	4	4060097	0
487	181	20410	136	1550	1221	0	1	5	0	5	0	63.8	0	11875	1	11612	57752	18559	12429	910	817	62	48	12	12	3028.4	87	87	123237	82265	6867	6126	517	391	76	75	21158.91034	675	672	222475	148843	12789	11424	976	720	131	130	37920.5193	1256	1250	473157	318596	28070	25188	2124	1595	295	292	72949.1593	2774	2764	0	-1	-1	2704860	2704860	2704860	18	2	366852	380	3	0	0	0	-1	-1	-1	-1	2978.146701	1	410400	5	51	1	0	2	2	5	1	7	3	6	2380990	0
30	163	3964	74	1864	1170	0	0	0	0	5	0	39.9	0	600	0	1132	284	204	184	8	8	0	0	0	0	0	0	0	1755	1570	79	79	5	5	0	0	45	1	1	3025	2732	148	146	8	8	0	0	45	1	1	5156	4652	242	240	11	11	0	0	45	1	1	0	2	2	81872	82457	82075	13	4	10000	1049	1	0	0	0	100000	200100	0	0	1489.254502	0.995367282	441800	3	51	1	0	2	1	6	2	4	12	5	2358501	0
774	272	7576	74	3256	3257	0	0	0	0	5	0	39	0	3000	0	1930	215	81	69	4	4	0	0	0	0	0	0	0	848	762	46	46	0	0	1	1	0	0	0	1925	1766	99	99	3	3	1	1	0	0	0	4461	4095	245	245	24	23	5	5	39	1	1	3	6	2	50089	51138	50483	13	4	52882	209	1	0	0	0	100000	100000	0	0	1944.256192	0.987191521	451300	6	51	1	0	2	5	6	2	4	3	3	2960410	0
793	272	10552	74	152	2189	0	0	0	0	5	0	160	0	3600	1	2700	337	2002	1782	111	107	10	10	5	5	0	0	0	17450	15315	967	920	70	65	20	20	390.46	5	5	32261	28375	1841	1760	157	137	32	32	693.2	9	9	63857	56355	3622	3473	331	290	69	69	1399.26	18	18	2	3	2	313158	316087	314155	15	1	26122	1104	1	0	0	0	100000	220000	400000	400000	3091.47015	0.993887759	371400	8	49	1	0	2	6	3	2	4	15	7	1287115	0
889	183	20138	130	1438	842	0	1	5	0	5	0	59	0	14000	0	740	515	472	414	12	12	0	0	1	1	38.8	1	1	5788	5186	190	184	11	11	8	8	310.4	8	8	10010	8936	336	327	23	20	9	9	388	10	10	20933	18576	674	654	46	42	15	15	776	20	20	-1	-1	-1	69805	69805	69805	13	2	9254	1513	3	0	0	0	-1	-1	-1	-1	1266.605255	1	131000	7	49	1	0	2	7	4	1	4	15	7	3971792	0
889	183	20138	130	1438	842	0	1	5	0	5	0	59	0	14000	0	740	515	472	414	12	12	0	0	1	1	38.8	1	1	5788	5186	190	184	11	11	8	8	310.4	8	8	10010	8936	336	327	23	20	9	9	388	10	10	20933	18576	674	654	46	42	15	15	776	20	20	-1	-1	-1	69805	69805	69805	13	2	9254	1513	3	0	0	0	-1	-1	-1	-1	1266.605255	1	421000	6	51	1	0	2	6	4	1	5	12	4	2809227	0
889	183	20138	130	1438	842	0	1	5	0	5	0	59	0	14000	0	740	515	472	414	12	12	0	0	1	1	38.8	1	1	5788	5186	190	184	11	11	8	8	310.4	8	8	10010	8936	336	327	23	20	9	9	388	10	10	20933	18576	674	654	46	42	15	15	776	20	20	-1	-1	-1	69805	69805	69805	13	2	9254	1513	3	0	0	0	-1	-1	-1	-1	1266.605255	1	330200	6	51	1	0	2	7	2	1	5	15	7	433568	0
889	183	20138	130	1438	842	0	1	5	0	5	0	59	0	14000	0	740	515	472	414	12	12	0	0	1	1	38.8	1	1	5788	5186	190	184	11	11	8	8	310.4	8	8	10010	8936	336	327	23	20	9	9	388	10	10	20933	18576	674	654	46	42	15	15	776	20	20	-1	-1	-1	69805	69805	69805	13	2	9254	1513	3	0	0	0	-1	-1	-1	-1	1266.605255	1	321000	6	51	1	0	2	6	3	1	5	15	7	1383055	0
889	183	20138	130	1438	842	0	1	5	0	5	0	59	0	14000	0	740	515	472	414	12	12	0	0	1	1	38.8	1	1	5788	5186	190	184	11	11	8	8	310.4	8	8	10010	8936	336	327	23	20	9	9	388	10	10	20933	18576	674	654	46	42	15	15	776	20	20	-1	-1	-1	69805	69805	69805	13	2	9254	1513	3	0	0	0	-1	-1	-1	-1	1266.605255	1	360800	4	51	1	0	2	6	6	1	4	14	8	310700	0
793	272	20543	74	3183	836	0	0	0	0	5	0	108	0	8880	0	2290	587	205	179	11	11	0	0	0	0	0	0	0	1227	1115	37	37	0	0	1	1	0	0	0	2338	2120	71	71	3	3	2	2	0	0	0	3945	3551	123	123	5	5	4	4	0	0	0	0	3	2	46725	46906	46784	12	4	6958	280	1	1	0	0	100000	180000	0	0	983.3916088	0.997399053	445100	4	51	1	0	1	1	5	2	4	14	6	683938	0
793	272	20543	74	3183	836	0	0	0	0	5	0	108	0	8880	0	2290	587	205	179	11	11	0	0	0	0	0	0	0	1227	1115	37	37	0	0	1	1	0	0	0	2338	2120	71	71	3	3	2	2	0	0	0	3945	3551	123	123	5	5	4	4	0	0	0	0	3	2	46725	46906	46784	12	4	6958	280	1	1	0	0	100000	180000	0	0	983.3916088	0.997399053	411700	6	51	1	0	2	2	6	2	4	4	5	4311142	0
793	272	20543	74	3183	836	0	0	0	0	5	0	108	0	8880	0	2290	587	205	179	11	11	0	0	0	0	0	0	0	1227	1115	37	37	0	0	1	1	0	0	0	2338	2120	71	71	3	3	2	2	0	0	0	3945	3551	123	123	5	5	4	4	0	0	0	0	3	2	46725	46906	46784	12	4	6958	280	1	1	0	0	100000	180000	0	0	983.3916088	0.997399053	522400	8	49	1	0	3	5	6	2	3	15	7	1244036	0
967	287	20602	74	1202	2168	0	0	0	0	5	0	168	0	2635	0	1126	189	277	258	13	13	1	1	0	0	0	0	0	3041	2777	182	177	11	10	3	3	68	1	1	5593	5065	325	319	18	16	4	4	204	3	3	12209	11015	662	647	43	41	9	9	272	4	4	6	7	2	31513	33448	32064	12	4	10448	50	1	1	0	0	100000	100000	200000	200000	3917.383669	0.958622339	350100	6	51	1	0	2	1	6	0	0	15	5	493241	0
84	50	3436	130	641	1877	0	0	0	0	5	0	25	0	48000	1	1844	8797	547	453	12	12	0	0	0	0	0	0	0	4401	3661	146	145	6	4	1	1	399.5	7	7	8529	6983	312	308	17	15	6	6	1168.13	26	26	16175	13082	576	564	40	36	15	15	2691.46	61	61	2	4	2	21670	22171	21827	12	1	2404	328	2	0	0	0	100000	200000	100000	100000	2843.420498	0.984484236	530400	8	49	1	0	2	8	5	1	7	2	8	2241845	0
179	163	17258	74	1758	2168	0	0	0	0	5	0	699	5	396	0	1470	327	260	236	14	14	0	0	0	0	0	0	0	2434	2124	140	137	4	4	1	1	0	0	0	7730	6584	484	467	11	11	2	2	1058.57	2	2	21099	17862	1334	1268	31	30	6	6	2131.83	4	4	5	7	2	3141826	3176050	3154188	18	7	5760796	1843	2	1	0	0	100000	60851056	0	0	5102.095475	0.993116607	360100	9	50	0	0	3	9	3	2	7	15	6	2116937	0
938	163	16744	118	2111	2364	0	0	0	0	5	0	15	0	16000	1	220	698	70	48	7	7	0	0	0	0	0	0	0	628	520	37	37	1	1	1	1	0	0	0	1678	1408	80	80	6	6	1	1	150	2	2	3527	2946	158	157	18	18	1	1	464	7	7	0	-1	2	6180	6357	6239	10	12	144	7	1	0	0	0	100000	200100	0	0	2205.310289	0.981437785	411500	1	51	1	0	0	2	5	2	7	15	5	1493876	0
774	272	3964	74	1864	1170	0	1	5	0	5	0	799	30	1	0	1044	171	819	736	43	43	1	1	0	0	0	0	0	9174	8246	350	347	5	5	1	1	376.52	1	1	17383	15527	593	589	13	13	2	2	376.52	1	1	28161	24995	1037	1028	20	20	2	2	1106.23	3	3	1	-1	-1	245409	245409	245409	15	2	668602	1043	3	0	0	0	-1	-1	-1	-1	3821.597442	1	450100	7	49	1	0	2	7	5	2	5	15	7	2720920	1
774	272	3964	74	1864	1170	0	1	5	0	5	0	799	30	1	0	1044	171	819	736	43	43	1	1	0	0	0	0	0	9174	8246	350	347	5	5	1	1	376.52	1	1	17383	15527	593	589	13	13	2	2	376.52	1	1	28161	24995	1037	1028	20	20	2	2	1106.23	3	3	1	-1	-1	245409	245409	245409	15	2	668602	1043	3	0	0	0	-1	-1	-1	-1	3821.597442	1	430100	9	50	1	0	3	8	2	2	5	15	7	1965828	0
129	272	19319	169	2020	654	0	1	5	0	5	0	252	0	2000	0	30798	828	46	45	2	2	0	0	0	0	0	0	0	300	283	18	18	0	0	0	0	0	0	0	405	382	26	26	0	0	0	0	0	0	0	1015	933	45	45	0	0	0	0	0	0	0	-1	-1	-1	69064	69064	69064	13	2	62852	4924	3	0	0	0	-1	-1	-1	-1	1420.405903	1	420500	7	49	1	0	3	6	3	2	4	15	7	4322647	0
129	272	19319	169	2020	654	0	1	5	0	5	0	252	0	2000	0	30798	828	46	45	2	2	0	0	0	0	0	0	0	300	283	18	18	0	0	0	0	0	0	0	405	382	26	26	0	0	0	0	0	0	0	1015	933	45	45	0	0	0	0	0	0	0	-1	-1	-1	69064	69064	69064	13	2	62852	4924	3	0	0	0	-1	-1	-1	-1	1420.405903	1	510100	7	49	1	0	2	7	2	2	5	15	6	1606273	0
129	272	19319	169	2020	654	0	1	5	0	5	0	252	0	2000	0	30798	828	46	45	2	2	0	0	0	0	0	0	0	300	283	18	18	0	0	0	0	0	0	0	405	382	26	26	0	0	0	0	0	0	0	1015	933	45	45	0	0	0	0	0	0	0	-1	-1	-1	69064	69064	69064	13	2	62852	4924	3	0	0	0	-1	-1	-1	-1	1420.405903	1	371100	6	51	1	0	3	3	4	2	2	14	7	1291717	0
129	272	19319	169	2020	654	0	1	5	0	5	0	252	0	2000	0	30798	828	46	45	2	2	0	0	0	0	0	0	0	300	283	18	18	0	0	0	0	0	0	0	405	382	26	26	0	0	0	0	0	0	0	1015	933	45	45	0	0	0	0	0	0	0	-1	-1	-1	69064	69064	69064	13	2	62852	4924	3	0	0	0	-1	-1	-1	-1	1420.405903	1	341200	7	49	1	0	2	4	6	2	5	15	7	638641	0
443	293	2119	87	119	1908	0	0	0	0	5	0	69	0	24	0	1514	2338	298	257	36	35	14	11	0	0	0	0	0	1753	1447	204	197	41	36	5	5	382.68	9	9	3590	2885	378	355	76	67	9	9	706.9	16	16	8468	6746	835	777	175	154	17	17	1863.66	43	43	3	8	2	16200	16204	16201	11	4	5744	81	2	1	1	0	100000	500000	0	0	1595.765174	0.999814861	341600	7	49	1	0	3	6	6	2	3	15	8	4188609	0
752	272	12047	4	1147	857	0	1	5	0	5	0	16.7	0	24000	0	3696	907	836	720	37	36	3	3	0	0	27	1	1	6684	5547	290	284	23	23	8	7	235.5	10	10	14791	12129	645	633	55	51	17	16	499.77	23	23	35741	29054	1724	1677	167	149	36	34	1410.39	64	64	-1	-1	-1	27211	27211	27211	12	2	4368	1198	3	0	0	0	-1	-1	-1	-1	530.2588426	1	140900	6	51	1	0	3	1	6	2	2	4	3	1209962	0
729	309	19214	169	714	1370	0	0	0	0	5	0	129	0	60	0	2606	137	11	11	3	3	0	0	0	0	0	0	0	100	87	5	5	0	0	0	0	0	0	0	212	181	10	10	0	0	0	0	0	0	0	491	437	25	25	1	1	0	0	0	0	0	-1	7	2	30945	31224	31068	12	4	64708	1594	1	0	0	0	100000	100000	0	0	982.1893519	0.995003843	441900	6	51	1	0	3	6	2	2	5	12	8	3727982	0
774	272	3168	103	268	1969	0	1	5	0	5	0	299	0	142208	1	40778	34681	10030	7577	444	419	29	26	9	9	1847.61	14	14	81523	62525	3241	3115	171	146	64	63	15143.53	124	124	160276	123863	6566	6331	384	317	151	148	28870.69	232	232	325535	253462	13681	13286	786	654	295	289	55911.12	451	451	-1	-1	-1	32833	32833	32833	12	2	4800	13	3	0	0	0	-1	-1	-1	-1	628.2761343	1	522700	4	51	1	0	2	1	6	2	2	3	4	1462327	0
774	272	10552	74	152	2189	0	0	0	0	5	0	104.98	0	4000	1	1762	722	316	281	20	20	3	3	0	0	0	0	0	2768	2521	114	111	19	17	1	1	63.19	1	1	5236	4771	204	201	27	25	2	2	126.44	2	2	11341	10311	437	434	46	44	5	5	126.44	2	2	2	0	2	7683742	7804418	7725005	19	4	2941570	852	2	1	0	0	999900	0	100000	100000	3253.547766	0.98982461	532600	9	50	1	0	3	7	6	2	5	15	8	1415429	0
774	272	12548	169	648	1331	0	0	0	0	5	0	188	0	12000	0	1658	821	5	5	1	1	0	0	0	0	0	0	0	45	43	1	1	0	0	0	0	0	0	0	109	102	2	2	0	0	0	0	0	0	0	254	233	5	5	0	0	0	0	0	0	0	3	3	2	126580	127872	126997	14	4	21438	1061	1	0	0	0	100000	100	200000	200000	2154.357569	0.99315722	640200	2	51	1	0	1	2	6	2	6	14	5	3074991	0
443	293	11178	5	978	1767	0	1	5	0	5	0	30.78	0	11286	0	530	148	65	53	8	8	0	0	0	0	24.33	1	1	451	389	30	30	0	0	0	0	53.66	2	2	748	645	55	55	0	0	0	0	53.66	2	2	1642	1459	120	120	0	0	0	0	53.66	2	2	-1	-1	-1	22859	22859	22859	12	2	3116	3444	3	0	0	0	-1	-1	-1	-1	1192.383275	1	331000	6	51	1	0	2	6	5	1	3	15	5	4582295	0
967	287	20602	74	1202	2168	0	0	0	0	5	0	425	0	160	0	3846	219	172	148	4	4	0	0	1	1	0	0	0	1099	1021	50	50	1	1	1	1	370	1	1	2414	2230	131	127	2	2	2	2	370	1	1	6429	5832	330	326	15	15	4	4	746.07	2	2	0	5	2	19049	19171	19089	11	4	13290	1452	1	1	0	0	100000	100000	0	0	1818.196493	0.995722706	440600	8	49	0	0	2	7	2	2	7	15	7	3015745	1
927	163	15878	74	3178	2168	0	0	0	0	5	0	129.99	0	1	0	548	121	85	76	5	5	0	0	0	0	0	0	0	887	795	66	64	4	4	2	2	0	0	0	2345	2092	174	171	6	6	3	3	0	0	0	6140	5529	413	404	16	16	8	8	0	0	0	5	9	2	5053376	5084210	5061484	19	4	1204028	9850	2	1	0	0	5000000	5000000	0	0	4934.26272	0.995530082	420200	8	49	1	0	2	6	4	1	7	15	3	1778328	1
742	272	15598	161	1348	1569	0	0	0	0	5	0	368	0	11988	1	8306	1254	1232	1136	45	45	2	2	1	1	0	0	0	9056	8178	330	327	20	20	9	9	156	2	2	18209	16422	637	631	29	29	18	18	1194	14	14	40540	36181	1408	1391	64	63	44	42	1873.88	22	22	2	5	2	56675	58180	56999	13	4	18812	79	2	0	0	0	100000	100000	0	0	3439.121609	0.979700928	360700	6	51	1	0	2	1	5	2	2	15	7	1852923	1
774	272	18504	130	604	513	0	1	5	0	5	0	139	0	180000	1	4526	11100	2420	2061	103	94	3	3	2	2	285	5	5	18228	15598	780	732	35	33	8	8	3582	58	58	31485	27032	1337	1260	60	58	11	11	6531	109	109	62395	53202	2629	2487	116	109	31	31	14034	235	235	-1	-1	-1	11468	11468	11468	11	2	1742	45	3	0	0	0	-1	-1	-1	-1	533.4493981	1	320500	7	49	1	0	3	8	2	1	3	4	7	2978927	0
889	183	17258	74	1758	2168	0	1	5	0	5	0	289	0	7992	0	834	598	2080	1958	51	49	7	5	0	0	0	0	0	14526	13554	394	389	20	17	5	5	581.67	15	15	24345	22574	671	666	28	25	10	10	769.88	20	20	42454	39179	1157	1149	62	58	26	25	1162.92	31	31	-1	-1	-1	18354	18354	18354	11	2	6964	936	3	0	0	0	-1	-1	-1	-1	1510.218507	1	330700	6	51	1	0	2	3	5	2	5	14	4	3201729	0
969	47	5014	65	296	516	0	1	5	0	5	0	56	0	2000	1	1320	406	693	590	33	32	2	2	1	1	27.64	1	1	5734	5038	227	226	8	8	10	10	227.09	8	8	11709	10299	450	445	22	19	15	15	306.39	11	11	25753	22570	1020	1006	65	61	34	34	550.62	20	20	-1	-1	-1	5300	5300	5300	10	2	3212	385	3	0	0	0	-1	-1	-1	-1	538.4868634	1	370100	8	49	1	0	3	6	2	2	3	15	7	4366105	0
969	47	5014	65	296	516	0	1	5	0	5	0	56	0	2000	1	1320	406	693	590	33	32	2	2	1	1	27.64	1	1	5734	5038	227	226	8	8	10	10	227.09	8	8	11709	10299	450	445	22	19	15	15	306.39	11	11	25753	22570	1020	1006	65	61	34	34	550.62	20	20	-1	-1	-1	5300	5300	5300	10	2	3212	385	3	0	0	0	-1	-1	-1	-1	538.4868634	1	310100	8	49	1	0	2	6	1	0	0	15	5	1727872	0
744	183	4638	74	1038	2168	0	1	5	0	5	0	2799	8	5	0	302	27	435	361	26	25	2	2	0	0	0	0	0	3695	3216	208	203	7	7	4	4	0	0	0	8597	7552	521	511	14	14	8	8	296.1	1	1	15666	13621	936	922	25	25	10	10	296.1	1	1	0	-1	-1	119887	119887	119887	14	2	377308	966	3	0	0	0	-1	-1	-1	-1	3003.562442	1	430100	7	49	1	0	2	6	2	2	5	15	5	1569912	0
504	163	10918	97	1890	1632	0	0	0	0	5	0	60	0	444440	0	188	1296	254	225	15	15	2	2	1	1	49.32	2	2	2301	2064	58	58	9	9	1	1	123.41	5	5	7166	6389	177	177	33	33	1	1	519.02	19	19	21887	19145	555	555	87	86	9	9	1435.73	53	53	1	6	2	593538	598623	595327	16	4	10638	52	2	0	0	0	100000	102000	100000	100000	2134.340995	0.99449403	440900	4	51	1	0	2	1	6	2	4	15	7	1319264	0
504	163	19221	169	715	2452	0	1	5	0	5	0	68	0	428	1	23348	6913	6354	5586	207	202	18	17	3	3	35.8	2	2	53825	46791	1648	1594	148	130	31	31	393.8	20	20	116269	100069	3402	3295	291	262	70	70	970.9	49	49	230341	197487	6721	6516	559	511	121	121	2044.9	105	105	0	-1	-1	97994	97994	97994	13	2	6214	95	3	0	0	0	-1	-1	-1	-1	2799.226806	1	450800	7	49	1	0	2	5	6	2	4	15	7	4348471	0
774	272	20110	154	1987	810	0	1	5	0	5	0	829	0	10000	1	2208	574	3503	2984	115	112	14	10	3	3	2273.92	3	3	25266	21578	726	695	61	46	6	6	8276.4	11	11	53129	45194	1523	1463	115	99	17	17	13542.89	18	18	118168	100336	3524	3408	239	213	39	39	36135.95	48	48	-1	-1	-1	407	407	407	6	2	606	26	3	0	0	0	-1	-1	-1	-1	386.4300347	1	440600	7	49	0	0	3	7	2	1	5	3	5	395088	0
239	47	17768	80	1711	3265	0	0	0	0	5	0	42.8	0	7175	1	9412	52911	2245	2035	64	61	8	7	0	0	108.4	8	8	10339	9244	310	301	26	25	4	4	495.17	34	34	13082	11598	415	399	39	38	4	4	587.97	40	40	16889	14785	564	536	49	48	5	5	697.77	46	46	3	5	2	8788	9259	8945	10	1	298	13	1	0	0	0	100000	100000	0	0	5699.949873	0.96608705	360700	7	49	1	0	2	6	6	2	7	15	3	2146121	0
239	47	17768	80	1711	3265	0	0	0	0	5	0	42.8	0	7175	1	9412	52911	2245	2035	64	61	8	7	0	0	108.4	8	8	10339	9244	310	301	26	25	4	4	495.17	34	34	13082	11598	415	399	39	38	4	4	587.97	40	40	16889	14785	564	536	49	48	5	5	697.77	46	46	3	5	2	8788	9259	8945	10	1	298	13	1	0	0	0	100000	100000	0	0	5699.949873	0.96608705	450700	6	51	1	0	2	6	6	1	5	15	6	3444036	0
239	47	17768	80	1711	3265	0	0	0	0	5	0	42.8	0	7175	1	9412	52911	2245	2035	64	61	8	7	0	0	108.4	8	8	10339	9244	310	301	26	25	4	4	495.17	34	34	13082	11598	415	399	39	38	4	4	587.97	40	40	16889	14785	564	536	49	48	5	5	697.77	46	46	3	5	2	8788	9259	8945	10	1	298	13	1	0	0	0	100000	100000	0	0	5699.949873	0.96608705	441400	6	51	1	0	2	2	6	2	4	14	7	2708584	0
239	47	17768	80	1711	3265	0	0	0	0	5	0	42.8	0	7175	1	9412	52911	2245	2035	64	61	8	7	0	0	108.4	8	8	10339	9244	310	301	26	25	4	4	495.17	34	34	13082	11598	415	399	39	38	4	4	587.97	40	40	16889	14785	564	536	49	48	5	5	697.77	46	46	3	5	2	8788	9259	8945	10	1	298	13	1	0	0	0	100000	100000	0	0	5699.949873	0.96608705	440600	2	51	1	0	1	3	2	2	5	14	7	261363	0
